WITHOUT EDGE WEIGHT
    PARENT
        0.6730671232846913
        0.6507137239930039
        0.6483890292026697
        0.6823979217244889
        0.7049118932788611
        0.6460382975043726
        0.6521603699497915
        0.6442261151138609
        0.6992833663995266
        0.6483598651464919
        Average = 0.664954770559776

    CHILD
        0.673313364996413
        0.6261857160062627
        0.6480685346836398
        0.6781355089045866
        0.6382370960731847
        0.6849588153051019
        0.6397791264550792
        0.6527991454110353
        0.6974946719101005
        0.6887258141373731
        Average = 0.6627697793882776

    SPOUSE  
        0.7305974764333865
        0.7488613883374732
        0.7595060834150492
        0.7271261202469584
        0.7464662892364041
        0.7399421212856316
        0.7511027364263481
        0.7386728212627399
        0.7250709817172962
        0.7411345458024265
        Average = 0.7408480564163714

    EMPLOYER 
        0.620864024182601
        0.4185061739337311
        0.873600543921929
        0.6573758332594732
        0.8752221636523938
        0.9016316491656909
        0.6858500995946244
        0.8859676539051822
        0.6593140799276014
        0.6213503351697307
        Average = 0.7199682556712959

    SIBLING 
        0.6631930530473782
        0.6451050435432918
        0.6637283615184997
        0.6696262333378429
        0.6172929745732616
        0.5958605324454802
        0.6581396898153691
        0.6235811530955276
        0.648801050959619
        0.6377262926336731
        Average = 0.6423054384969944

    NO_REALTION 
        0.8
        0.84
        0.84
        0.72
        0.6
        0.74
        0.76
        0.76
        0.84
        0.74
        Average = 0.764

    PARTNER 
        0.656
        0.7632
        0.72
        0.76
        0.6304
        0.7216
        0.7824
        0.608
        0.8704000000000001
        0.8927999999999999
        Average = 0.7404799999999999

    STUDENT 
        0.7398869720404521
        0.9069750148720999
        0.7355554729327781
        0.890931737061273
        0.8239329268292682
        0.7772531231409875
        0.7848378941106485
        0.7797256097560976
        0.7834622248661511
        0.8720999405116003
        Average = 0.8094660916121355

    RELATED 
        0.8080776991210971
        0.8143873328545537
        0.8453797749734963
        0.7490082418521938
        0.7906278855032317
        0.7996947778803734
        0.664499333128142
        0.7817533600082076
        0.8249418624534044
        0.7216878697718956
        Average = 0.7800058137546595

    COLLEAGUE 
        0.875
        0.9375
        0.4375
        1.0
        0.9375
        0.875
        0.625
        0.8125
        0.75
        0.875
        Average = 0.8125

    RELATIVE
        0.9375
        0.5
        0.375
        0.75
        0.625
        0.75
        0.75
        0.8125
        0.5
        0.875
        Average = 0.6875

    NOTHING 
        1.0
        1.0
        1.0
        1.0
        1.0
        1.0
        1.0
        1.0
        1.0
        1.0
Average = 1.0

    SELFLOOP 
        1.0
        0.75
        1.0
        1.0
        1.0
        1.0
        0.75
        1.0
        1.0
        1.0
        Average = 0.95



        Using backend: pytorch
        0.6959963937182934
        0.691241360913149
        0.6399062997624455
        0.6136950192958641
        0.6635979145456444
        0.658256269524282
        0.6396723074981944
        0.698514019957188
        0.6132845471019222
        0.6514781077870885
        Average = parent 0.6565642240104071
        0.6602678968837874
        0.6386619817876199
        0.6494074954573779
        0.6250399803109405
        0.6474784912734527
        0.6524331174169631
        0.667672554184187
        0.6529090061737769
        0.6673145903261786
        0.642155428367955
        Average = child 0.6503340542182239
        0.7100460911367666
        0.7590858306483851
        0.6990187268732853
        0.6928311028047601
        0.7360539290216993
        0.7339577902221189
        0.7150891243367352
        0.7371677696878172
        0.733983415390818
        0.7325586560111521
        Average = spouse 0.7249792436133538
        0.4285286118795162
        0.8191587869514715
        0.8733766309494375
        0.7013782309942204
        0.8721118725188811
        0.8930249942855545
        0.6555337991967123
        0.7526309774267735
        0.7661048239251012
        0.7163926453918242
        Average = employer 0.7478241373519492
        0.8200000000000001
        0.46
        0.5800000000000001
        0.3
        0.7600000000000001
        0.44
        0.5800000000000001
        0.5400000000000001
        0.7800000000000001
        0.7800000000000001
        Average = no_relation 0.6040000000000001
        0.8592
        0.5791999999999999
        0.8784000000000001
        0.8592
        0.8608
        0.6399999999999999
        0.8144
        0.5984
        0.6783999999999999
        0.40800000000000003
        Average = partner 0.7175999999999999
        0.8310529446757882
        0.7483826591314693
        0.8722858417608564
        0.7102914931588341
        0.6188280785246877
        0.8491969066032123
        0.8431365258774539
        0.8531751933372992
        0.9042236763831053
        0.747732004759072
        Average = student 0.7978305324211779
        0.8387623542286516
        0.7881955131493451
        0.7762687664580554
        0.8332563865804864
        0.840292739646387
        0.7673771416846209
        0.7262106289114599
        0.8029137170411408
        0.8357058582127833
        0.628411306042885
        Average = related 0.7837394411955815
        0.9375
        0.6875
        0.75
        0.9375
        0.9375
        0.75
        0.875
        0.9375
        0.5625
        0.75
        Average = colleague 0.8125
        0.4375
        0.25
        0.6875
        0.4375
        0.5
        0.5
        0.4375
        0.125
        0.5
        0.4375
        Average = relative 0.43125
        0.5
        0.5
        0.5
        0.5
        0.5
        0.5
        0.5
        0.5
        0.5
        0.5
        Average = nothing 0.5
        0.75
        1.0
        1.0
        1.0
        0.5
        0.75
        1.0
        1.0
        1.0
        0.5
        Average = selfloop 0.85
